3765
897
1413
7495
6464
7197
4067
94
8930
7448
151
8553
4563
4278
1187
7640
5114
2499
1476
2979
7245
7808
6238
8254
6792
5404
789
407
739
9817
9950
1004
957
9836
3579
3441
5663
5307
3684
2456
4250
5806
913
4559
8632
4711
3383
5383
9597
6011
8810
2748
9783
5393
1648
2242
5817
1549
608
5538
969
8472
8291
307
6189
4557
3920
4599
1820
9765
2217
7887
4454
7780
6276
5551
3424
6138
9991
3538
9225
3645
6069
5177
1833
1043
8924
2673
277
7846
7889
1676
6141
5552
5060
8512
2706
5011
3857
6143
8337
3654
8882
6749
7422
6461
5052
5917
4680
3119
4114
5882
8960
2618
9648
2988
817
5711
7459
7603
4078
5102
6839
3099
5363
3041
9625
4164
7132
6037
8180
3734
9175
6854
494
2136
684
4633
424
1627
50
5027
3784
4479
2342
3558
6466
2988
5070
7078
9052
5328
1288
152
3501
2082
5317
5476
1398
4409
494
26
9982
6344
192
1529
1714
516
3073
3067
5496
8683
1055
7149
2828
5937
3767
4410
147
143
6430
6283
9409
6268
9041
5399
2559
8591
3477
2298
1963
2506
1751
2088
8089
1578
2977
100
7788
4859
8871
1310
1357
4066
7548
4293
4237
166
3261
6864
9701
4153
5325
7152
2131
7353
2933
855
6644
2482
3819
2707
9686
7834
3813
7717
6989
3495
1194
5728
9797
277
4466
973
7632
9183
4681
6890
6036
1643
3755
5263
705
8517
8361
7921
5211
8909
4926
8682
8140
8200
5034
3014
6841
8404
2075
2959
9269
2930
9413
5287
2395
2155
7494
1528
5542
5814
2364
9596
9652
3165
861
8021
8986
2112
8409
5475
29
4040
3748
233
3494
1973
1241
6497
9228
5869
5436
7077
544
321
4455
4848
4059
6787
8498
8594
3460
4560
7229
2398
786
2117
5146
1541
6805
3264
7195
2066
2843
513
7791
5592
19
1511
5204
5753
8288
3031
9825
7716
6887
1023
9222
7654
9829
4512
5072
4733
4965
5789
7095
4217
2776
9223
6909
6627
1533
6318
387
4547
8785
5148
515
5618
5200
8202
4036
7552
5728
3855
4230
8571
4764
3138
9043
4602
6553
5347
8514
2736
9404
3084
7928
9009
2474
9812
3457
7404
6835
711
5182
6100
8356
692
8343
6483
8507
1812
7422
188
635
5973
9220
9550
3463
7833
505
7216
632
7121
2975
1414
4943
9191
3307
4372
8610
7577
8878
2733
6355
2545
393
465
6419
5217
1068
6714
5694
7679
8323
3339
9098
5701
7971
9444
25
2164
2797
3130
8266
6114
7113
3896
4126
4467
6381
2648
2662
831
6318
126
9894
8661
9041
8665
3693
3994
4749
6733
5610
6412
6196
411
6328
5542
9792
1091
6681
4397
1541
4067
8191
188
8239
8410
1934
7822
4340
4527
2226
1271
2755
2162
2090
3206
3438
8239
749
3882
7112
902
9504
6089
2704
3402
1273
4200
6152
9040
776
1831
5138
6313
6933
4422
8969
1583
6337
174
5373
5147
6885
5235
6278
5403
3606
6711
2779
4967
4500
215
5452
2059
2834
6951
9925
246
3741
9088
9201
9722
7208
1121
3599
3700
6546
9247
6376
4227
1353
390
8130
2705
6577
7463
5857
1812
4806
7661
3227
7102
7200
6183
7030
8562
9568
8604
1072
4674
4020
1339
2800
4109
3352
1099
9885
3083
4855
1083
3638
9630
2608
3738
3687
9552
2467
7358
3624
2667
1937
6565
502
2094
7934
4717
1980
3827
8999
9713
3703
8562
4993
3314
6044
2888
6500
8096
3746
2316
8204
5472
4189
4348
5385
2828
9
5804
311
7743
9643
4976
5815
2532
4968
5825
6617
2877
8700
8375
5044
200
5430
6788
6758
8614
9286
4120
3785
3766
8059
736
6700
2711
8370
1500
5187
1067
8914
5439
6330
6122
9189
398
3002
2341
9224
4329
482
8733
1761
4367
8055
5940
2139
4583
3751
4586
2666
3412
4618
5406
7666
2137
1954
5991
2581
6549
792
8601
5531
4906
5579
8441
2524
6652
9489
2015
8187
8027
3079
753
2302
2646
9124
5961
8696
7389
4361
7338
7135
6578
5617
8782
707
248
7328
2026
927
5605
9808
763
268
4225
2813
5345
7167
1438
6879
890
1685
8456
5767
9685
934
2281
6890
2140
2166
3206
3051
9246
7979
4807
8040
3447
2467
6717
676
4195
9373
6207
6732
9023
3273
592
5856
942
2678
8852
1066
8192
9540
7491
1709
2944
3137
2606
6847
1400
7521
7451
4977
8960
845
2330
7715
564
1705
1584
9593
8170
2390
618
3505
4431
1397
4481
1475
4057
7924
8302
3422
2105
9160
9081
2366
1494
7162
7761
3147
407
5856
307
3106
3923
268
6585
7473
3231
9498
6260
9155
54
2110
1616
2568
3568
7656
8251
3744
1997
862
5922
4470
1345
5624
3472
6491
9238
4434
3734
2910
2767
5099
6582
7838
5372
695
883
2079
9302
576
9009
2164
7018
9972
782
2423
6991
3195
7245
4916
6809
810
8491
74
9233
4271
3939
1621
4894
2446
7900
3031
8726
3228
8058
9122
5851
8
9574
5665
6708
7159
2924
1894
430
878
9296
5681
181
1751
3397
8792
4038
3224
9847
117
265
5790
6012
8076
6391
167
1063
9483
7362
3980
8346
1075
9223
5556
5714
1659
1280
5299
6405
7332
1494
9835
1224
9631
6992
6615
1333
6587
3990
6973
9804
9680
9189
3803
9207
5449
7743
5935
2000
9127
1289
5066
238
9105
3175
2673
1228
5218
7071
3713
6141
925
9384
1115
9311
9283
5594
96
6977
5303
5488
4115
5567
2731
2570
4957
1253
1600
8442
7863
4496
4017
3848
8883
5565
9526
4233
5709
9582
8163
9179
5124
2583
8823
1878
9898
3269
2936
6924
5484
8653
8598
2135
2172
5651
8298
2869
1512
4820
4156
5336
6738
6891
8209
8808
5727
7545
1679
5267
1551
941
6403
9070
99
7927
3623
8495
6425
575
228
5633
1509
688
152
1073
8905
6292
9157
5011
6424
6748
4495
7021
1418
4117
7062
2563
9507
5641
2552
5504
5653
9842
9873
2399
3384
6590
9613
6125
